-2.8120
-1.3723
-0.7995
-0.2690
-0.3988
-1.1599
-0.4690
-0.2370
0.0690
-0.9845
-1.6988
-0.1690
-0.8370
1.1259
-2.1590
-2.7533
-0.1330
0.1590
-0.1275
-1.28527
-3.9982
0.0541
-0.0007
8.8524
8.9783
9.1528
9.5100
9.6790
0.0567
-0.0007
8.9211
9.1142
9.2455
9.7400
9.9112
2.412488
0.351244
0.315899
0.000251
6784.3000
-0.5863
0.0611
0.0770
0.0955
0.0000
0.0550
-0.7763
0.6956
0.5269
0.2699
0.0362
-1.6624
-1.6624
-1.6624
-1.6624
0.0013
0.9730
1.4544
0.0010
0.7153
0.3544
-0.524
0.1377
0.1022
-0.4326
-0.2752144
0.1633
0.0940
-0.4211
-0.53211
0.1217
0.0522
-0.4122
0.0021455
0.0763
0.0091
-0.4211
1.4744
0.2377
0.1020
-0.4122
1.56877
0.2633
0.0990
-0.4211
0.8957
0.2146
-0.4963
-0.5528
-1.3396
-1.2400
-0.6523
-0.6688
-0.7596
-0.2399
0.3730
1.1260
0.4982
-1.4619
0.4155
0.9653
0.5448
9.8282
17.7185
22.7256
43.7256
15.3710
-3.3756
5.8954
11.1872
21.1114
20.3492
6.5488
89.3755
6.2926
13.2800
1.8956
11.2525
13.0434
13.7706
15.5539
17.8958
3.7492
-14.3453
-0.3264
15.1130
21.7931
23.4373
7.7444
67.0893
1.6602
5.0076
1.5421
0.2101
2.6994
-2.92533
-2.10414
-1.1288
-2.255
1.735844